0	
1009	0	
966	1788	0	
341	677	1212	0
491	339	1457	358	0
1009	0	1788	677	399	0
1120	362	2079	891	632	362	0
0	1009	966	341	491	1009	1120	0
341	677	1212	0	358	677	891	341	0
341	677	1212	0	358	677	891	341	0	0
669	974	1228	939	812	974	1336	669	939	939	0
1344	547	2307	1125	853	547	235	1344	1125	1125	1499	0
1344	547	2307	1125	853	547	235	1344	1125	1125	1499	0	0
1642	2464	676	1878	2133	2464	2753	1642	1878	1878	1833	2982	2982	0
464	359	1429	395	84	359	683	464	395	395	731	895	895	2105	0
491	339	1457	358	0	339	632	491	358	358	812	853	853	2133	84	0
513	339	1475	340	56	339	606	513	340	340	867	831	831	2150	139	56	0
491	339	1457	358	0	339	632	491	358	358	812	853	853	2133	84	0	56	0
341	677	1212	0	358	677	891	341	0	0	939	1125	1125	1878	395	358	340	358	0
966	1788	0	1212	1457	1788	2079	966	1212	1212	1228	2307	2307	676	1429	1457	1475	1457	1212	0

