15
98
86
31
38
25
21
56
53
40
2
7
8
56
19
77
95
19
9
1
57
97
60
68
93
89
63
81
71
51
80
39
49
18
70
39
43
91
96
96
84
98
55
92
7
74
21
2
93
30
3
3
79
16
71
72
57
86
54
81
37
34
20
38
52
90
78
47
33
74
95
17
24
50
62
31
24
83
86
70
66
41
25
45
57
48
18
67
86
24
48
24
10
68
14
14
58
44
61
91
70
56
61
95
58
23
78
82
58
64
4
24
6
81
22
15
29
40
82
16
16
30
92
26
98
58
40
8
3
1
52
73
9
65
20
67
88
99
1
46
15
6
23
21
87
45
89
69
37
71
37
53
2
29
31
52
39
71
13
42
72
17
68
33
82
40
0
70
39
1
68
7
59
43
80
99
40
69
20
29
41
57
34
95
38
65
99
77
36
12
72
60
81
40
93
63
80
45
85
72
99
6
31
58
49
11
9
90
81
29
71
74
86
6
69
24
71
68
54
8
33
26
68
14
18
14
78
50
59
15
74
58
21
5
69
71
69
30
13
50
60
84
24
98
42
45
75
14
65
29
22
98
7
42
65
25
8
43
27
68
10
2
78
32
59
99
55
28
30
20
78
90
4
54
40
99
51
15
13
17
96
87
67
3
29
32
80
90
27
8
10
38
62
88
70
21
40
77
50
70
97
80
12
53
87
52
52
90
20
65
7
68
52
27
24
34
59
4
24
39
64
34
29
78
74
51
0
14
28
2
36
25
34
0
78
21
53
83
64
25
48
23
93
53
50
17
87
62
74
63
53
90
49
82
69
75
33
21
42
61
23
78
38
57
79
68
31
84
51
95
9
0
18
54
53
21
24
92
83
50
55
36
40
56
18
9
31
3
82
73
16
5
52
54
15
83
22
46
67
74
93
28
74
11
34
79
32
58
23
67
8
30
55
1
86
25
62
17
28
45
91
44
50
95
98
65
78
73
63
97
47
56
77
73
20
11
4
4
22
27
72
82
57
79
83
43
5
98
12
33
43
55
30
45
50
80
63
80
53
26
29
52
35
6
77
55
70
81
59
92
8
83
26
17
63
62
12
20
60
25
5
3
80
35
0
83
68
63
15
73
42
45
26
29
3
55
36
73
37
47
